8.180194
8.180194
7.760459
7.760459
8.565614
8.565614
8.540709
8.540709
9.092805
9.092805
10.582264
10.582264
7.5164485
7.5164485
10.013688
10.013688
9.708077
9.708077
7.8144827
7.8144827
7.2381434
7.2381434
9.693861
9.693861
9.463789
9.463789
7.201072
7.201072
8.630327
8.630327
9.751134
9.751134
10.580595
10.580595
10.849148
10.849148
8.553892
8.553892
6.1632094
6.1632094
6.029915
6.029915
7.130096
7.130096
10.976831
10.976831
7.0125422
7.0125422
5.2920213
5.2920213
6.4524555
6.4524555
6.2164545
6.2164545
